441 00000.

1000001, 80.. 1011000, 91, 197,119, 179, 174,171,191,194,191.
199, 199, 990, 991, 999, 909.

100000, 000100 01811000101110101818010, subsequently
Abbot 018110100010101030 110 pallium 10 ,1001111110
11010199910001000 1011000001]πὶ1110301100000000,001
0101000011] 1100039119, 0010110001100010οΒ010019194
100000 1100000011, 9991 further 0001100 011100199.

100000,001000001(110011110001197.

10000, 914.

1000000000, 10310Ιο1100 0000000103149.

1000011000111100001 (110010100100100000011011104 01
Ρο1001000031019ξ110011110100011100100100,999,991101100
0011000 01110, 991, 991

,400000 (1110011) 011100130000001, 419, 499.

100000, 99.

100000ιο, 0 000 01 101000, 941, 499.

Ammo. 11103, 911,

100000ιο0, 80. ,01110010ώο03 971, 917.

100000, 91

B.

Bmm, 0010000100 01 100000],00100000011] 0001 01 la 800,
941 10010101 from 11031001 by winim 110100,11, 9771
00011001 10 1111310001, 791 110 Journey· 10 Romo 10 Anam
1001011, 1191, 171, 4111 1001101· 0011000 01110,99,198,Μ,

Bm. ,9110301013ῒῦ 40⁰8), 109-191, 1191 ·0101009189111110101
01 55.

Βιιτιιὶῧωιιιῐ. St.. 0 00110 01 01 chri-t 010001, 00010111οΜίῦ

anQOmmwmmffiffi

1100000000.10011101010 011 (1101010100), 191, (Δ1010000 m. 1⁰2

Bmvmo, 199, 191, 118, 919, 913, 944,

11000000. 1110100 01 111. 11001010, 110 0000001100919101Μ
0011000 01110937, 999, 991, 999, 999.

1110000010, 1001110100 01 0001001007, 971

. 11000000.10310101100 0000000103, 149.

1100000000, 00010101101010001, 00010010001111. ,

1100ιο. 194.
11000000179, 199.

9000000019.. 1001, 1011000 01, 911, 919,

nono, 0001 01 100 Bou. subsequently 11101, 91191,
90000000, 149.

 

