444

11111111.

Anni, 81.-11111.

1111 1111111, 001 11 1111111 by 11111 force 1111 1111 11111111, 05, .

0801 11111 to 1111111111111111111111 1101181,110111 hi· interview -

111111 1111 1111111 11 1111111111, 001 1111111111 1111 mna·- 1111
1111 11111 111111, 41 1 11 1111111111, 41 1 111ο1111111111.41,1111
11111111 11 11111111, 401 bi· 111111111111111, 41, 7110111, 111111
111111 1111 111111 100 1111111, 11111111 111 1111111111 111 111111
11111111, 401 111111111111 11111111 11111111, 4111 1111 111 111111·
11111 1111711111111 11 1111111131, 48, 0021 11 (1111113111,
110, 117111 1111 1111111 11 1111111111111, 111-00,1171-1177111111
11 1111 1111 1111 1111111111 11 1111 11111, 0111 11111111 tho
1111111 111111, 1101 11111 11111111 1111111 tho 11111 1111111,
111, 701 11 1111111111111111 king. 711 1111111111 1111111 1111
1111111111 11111 him, 701 1111111111 1111 1111111111 otc-ntorum.
701 111111 1111 11111 111 nid, 711 11111111 11 11111111111111
11111 1111 1111111, 781 1 1111111111 11111 1111111111 1111 11111111
11111, 7111 111 1111111111 1ο go 1ο 111111, 701 1111111111·
11111111, but 1111 11111 1111111111111, &h 111 1111111111 1 mod
1111111111 11111, 811 1111111 1111 1111111111 go. 811 1111 Κίος
1111111111, 801 1111111111 11111 111111 1111111111 111111, 8³2 111
11111 11111 1111111111111111, 1111, 11801 111 11111111 1111111131,
841 11111111 1111 resolution 11 going, 8111 11111111 1 m·
1111111111 1111 111111, 11111 gives 11111 11111 1111111111, &Mt ⁸
11111111 11 0111111111, 871 111111 11111 11 1111111111181·
11841 11 1111111111 111111, 811, 118111 1111111111, 1111111111
11111111, 88, 3801 1111111111 bynna. 1111111 11111111111111111
111111 1111 111111, 01, 11881 111111 11111111111111111 111111,
0180111 11111111 to 1111111111, 07,11011 111111 111111111Α111111
1111111 1111 11111111 Capua. 07, 11001 11111111111111171111 11
Α11111, 081 1111111 11 111 11111111 11 111111111111111111111,001
11111 1111 111111111111111, 10111 1111111111111 1111 1111111111,
1011 1111 Papo& 111111, 1041 111 1111111111 81111111, 104, 0011
1111 “ 111 1111111111111 1’111)1,” 10111 111111 1 1111111111 11114
11111011111111 11111, 10111 111111 1111 acaunum
11 1111 Mag, 1071 111111111111 1111 11111 11 111111, 1101 b
11111111 111111 by him during 1111 1111111, 110, 10811111
1111111 1110111111 11 1111 1111111 11 1000, 1111111 111111
Romo, 1111 11111111 11111, 114, 8071 111111 la cnm-nh.
118, 4041 11111111 by 1111111.,118,4011 1111111111 Itym.
118, 40111 1111111 11 11111111, 1101 gom 11 111 tho
11111 11111,110,40111111 11111111 hin 11 11 buu 111
notive 11111111111 11 1111 1111111ὴ111111 11 hi! hd. mn
1111 1111111 in 1111 1111131 0111 amingum-18⁸ 11111
1111111111 11111111 11 111111 1., 107,1081 111111 tom
111 mnf· 1111 111 commum-iffi& Mun
1111111 1111 11111117, 1111 11 mend κριθῇ,

 

