110 nm

(1000000, 11101000 01 1100001010, 181.

(Itum. 00100010, 11100111010100100, 181.

(1100100000, 101, 18.

(100000, (10110100 11. 0011 110000 1. 01, 888.

(1000001000 800 10110010ςί0 (1100817 01 10000010), 888. ,

nummu 008 0001000110οι0, 118.

com. 11001 0111001, 1.

Oneon 111.. 1000, 101100 01, 188.

(10000001111, 0011000000, 1111, 1170 110 801001, 0001000, ud 10·
1000010001, 181.

(1000000, Β1010000111010110,101001001100,887,008000000001100,Μο
0010000 10 1001008, 118, 000110 00 0001000 01 (1001001000, Μ.

11000000, 01110οἰ01 (11000010 000011, ‘m

(1000000, 0011000000 (000 · 0100001 11131.

(10100, 8001110100 01110000, 8180 1010 10011000 00100000 10 h·-
10011110 001008 10 1100 0000008000 (000·110110100111.

(1000000, 101100 01 St. 1000100, 8111811.

(1000000, 00001 01 1100 1100, 00100000011011101000 Rom, 87,

(100, 8101001 01 Pontou, 80000008 100 0100000, m

11.

11110υὲ 0611100101131000010000010, 1101100080 00001000, 181.

1100000, 000 0111001010, 8 0 1101000000 10 1100000080, 8-8 0 h!
0111001, 80 110 0000000100 10 1100 erm. 80 110 0110008000·
0000 10 110110 1111111000, 8.

1100000, 1100 mmor 01, 150 1100 pariata 0100001 01, 18, 811, 881.

110000οο0, 1100101110 01, 80 81 110001 10 1100 (300110 01,17.

110000, 000100οι1000οὠ monor 01, 1118.

Eum, 8101001 1110000), 187.

nunu, 0 (110101 01000010 000011, 187.

110001 1.. 111000 01 1100010011, 008 0010000008) nub 01 Nor·
0000800 1100000010υο 00 1100 01 000οω001100, 11801010 80·
00080018000100010000000000810000111000, 1100010000οοοι .
010808 1111 1100100, 1101. 1110 1010800100οπ10000,1810110010000
0010080818θο 00000010 108000080011000000,181000001οη
1000100 10 0000000010 00001 100001111,1810 00000000 hin 10
00001, 1880 001000 0 00101 00010000] b 0001 10 nom. Im
00000000008000100 1000001,187011100008001ω11111κο·
tion, 187-1110 1000010 by 00001 01 1100 0000110 nm th
010000110000111110 1010100010 01 8011010007, 008 ΙΨ th
Iudam 0100110001 aaaron«, 1410 0000001010 Μ b

 

