10

8. 1411141111114111411014111411. 1.-1411111111114 811111411111141141.
11-11111 Beati 11111111 Regis 11 01111111114, tlt-vit· 1111114111
Regi· qui 111111114111011141111111 reqrtirrrcit. 11111141 ty 1111144 1110414114
{aggeum 11 A.. ttettow 1411 ,1441411411 Tutor 11 ’1111114 Cetego, Combridgo.

· 1111141 14 4 poem 11 11111111 1”11111,11144111441 4144 11111, 411114411 41
1111111, Qum 11 11111] ΙΙΙ.. probably 1111411 11 tm. 11 111 1141114111141
1111144111 11 westminster. 1111141141 1411111 114114111111. ’1114111411 14
11 1111411114 11141,111411111410111114, 11111111111111 1440 411 1410, by
1114141111 11111] vt, 11 whom 1114111114111. 111114 11141111 411
111 light 41 4141 111ῗ1 11 1111411411011114411,1111411114111 44 44 11111
11111044111111111 1141414441. Τ1141111,41411γ 111111 14114 41 11,144
41141114141111411 111 (11111 mitt, 1111111 1011411 101411111111111144114
11 411 41111111111111111 1118114414 by tlte 11111444 11141144. 11 4141114
τη 14114 111 11111 11 11111 1111141411 4141111111 111114114111141111111
t 11414111111144.

1. 1111111114 111411111414. Vol. 1.-’1111414 11 1111114111 14 Adventu
Protrttm Minorurn in Angtinm. 1111 1111111411 Epistola. 111ςί411111
11441141 1111114414 1111111111. 1114111141111111111,1Ι.Δ.,Ρ1111441111
English 1111111111, King'r Coltegc, London. vot. ΙΙ.-1)1 11114111
1111111411·111111,111141111111144. Chroniolo 111141 (1111111114. ’1114
1141411 111111411111111 11 tho 1111111 8111444114. 1141114114118111111111,
1411, 11. 0114111414 11411441 11111111, 1141.. 41 41111111141411114.
111114111111411. 1118, 18111.

111111ἕί11111ῗῖξὲ1,111111111111.ἱέ’111111111111,ῗὲ

11111 111111111111111111111111141111 1111111144114114111441111. 11

114 111 4114 11 11111141141 1111111111411111141111141 1411111111 11111 11

111111111144411111,41111141111441411414 111111 11414 1411141111 111

111111111444111141111141411144. 11114114114414441141 111111 111.
'rte 411111 1111111 11111114 1441111114 11111, 41111 111 1111 roim m

1111141411, 411111 111 1188. οΙ 811 0111114141114,411111411114 tiburien.

⁸. 1141111111 2111411411 thamar ,1111144114 1111111 curt Trtrreo. 11111111
1111111144 1141111, os 1141111, Provincia! 11 1141 0411111114 01141 in

Bngltntl, 1111 0114111111 1ο king Ilerrry 1141 Fitrh. Editor b? 1111 111111.

¹{absuntam 11.Λ., Tutor rntl 1411 1111111111141144414 01

’1114 1111 derivet 114 4111111111 41111 1111111114 1111111 141111111111111
4111114111111141 11 111 11111114. 11111 11114114 4141141111411 111411111,
4111 111 1111 111111111111111114141111111, 4111141 411111 1411 14 111
11111114 41 11111111 411 11 114144 11114 41111411114. 11111111111111 1141114
1111114 111111 1144 metaphysica! 41141 mugient. 411111 4411141 1111111
111111411444111 111411414 ngr· 4111 by 4111 virt 111 1111111 totvm 414 11111114

14411111411411811111111. ’111 1441111114 1 good 1114 11111 1114111114114 41
111111 11111 1411 411 111 beginning 11111 1141 1114111114.

lege, 0111141.

1. 'fn 11114 or 1111 0414411414 8111141114 or. Λ 111411141 1114111 41 414
111111 11 1111111 Boccor by 11111141 8111411. rot.. 1.. 11.. 111
ΙΙΙ. Zama byw. Β.Ἰ’1111111,11411., 11 1111411111 111, 111111411111111,

teto.

’1114 14 4 11111111 1141411114 114 11414 rme 0111441111, 1411411 14 1111144
141111111141111111 . ’1141411411111111111111 411411111411111411411

11141111 111 11411 1 1111141. 11 81111111. 411 414 ⁸⁸ 1411 ’ 11111
11411114 11144111 11113· 841111 14111141 11 411111141 11111 41 111 11 1414
141411 4111114 11411141111411141 11 Spain. 1111141, 411 &oth-t 414 1114141111

11 111 4111 ι 111 111 1111411141 1111114 414 num. 4114111111. 111 111111441
11414 111 ’41 11111 14 144 1141111411. ’114 4111111114114 41 411 m ssat

114141141114441111114114 1111111, 111414 41110111141141141111 111
mxx? ἡ. 114111414114111414114ϋ1ὓ114βήῦ1

 

